0.470906100346227 -0.432723741573155 3.18225332729938 0.418827104785252 0.0318770017511831
-0.666498482184242 0.305549635622146 4.11695616391103 0.0506478746500534 2.17939871981004
-1.1889508967295 -0.643449229977014 5.4285244136972 -1.02607942737363 -2.06816419080041
0.659378782571864 -0.493263785379047 4.07502039588157 0.43937043332255 -1.05251303393389
-0.0360494853419557 -1.28454144040426 5.62480102798001 -0.567285679143248 -1.3343308883294
0.0116701685001715 -0.563609995160091 6.2162979958264 1.67915983988319 -0.535750900911655
-1.32504530424588 -0.371316865204463 5.59147288909404 -0.89960859043537 0.513209736074111
-0.154004843306385 1.29837068655099 4.85130057096744 -0.585248620913459 -0.914405701757843
-1.21668457504149 0.1072649387788 5.99243910545548 -0.622421064769345 -1.37012411150687
-0.832244904043111 -1.06129550093603 4.34682979464325 -1.58437639564009 1.02311808210399
1.24740073631335 0.922825349197792 4.43762689202766 0.980640307396571 -0.507105228579956
0.218346636389233 0.142072420635475 4.86942353837477 1.24374628543596 -0.0224313915844789
0.724044309443504 0.994283448047532 5.11598229743123 1.02862617188683 1.06868444734616
-0.359125792541575 -1.49321687473641 5.739215632161 -1.57127040479689 -1.66032021083722
-1.2933275226765 -0.781974911374335 4.68155556426021 -0.405009103488644 -0.184612727924147
1.29926312419806 0.819411995038974 4.85826702052269 1.3691980838745 0.655549747904219
0.733903125202245 0.549600809785245 5.25091203938813 -1.53546049946537 3.39804584455824
-1.76069674007053 -0.0432823947403645 5.04267635171758 -0.651763724818267 0.408331175099863
-0.886727900216409 -0.749696337209412 5.6168054688952 0.61304628729753 1.07981972800361
-0.172969039873137 -2.06630532822618 4.55016038553091 1.16272970606145 -1.35451571394071
0.585555852368305 -0.471674358358576 5.04027879559698 0.175629428048375 1.02312226316717
-0.271321079590951 0.422395522859829 5.86034760454751 -0.444186482466852 -0.552257336565043
1.62147858849308 -0.00531460972944221 5.28322414633453 -0.308197131525822 -1.04421931336299
0.591405383992153 -0.831928126749105 5.03640950976697 0.208567743271695 0.861868024474157
-0.485330755718381 -0.762060468040755 6.08108921580357 1.72456169923682 1.30712689721919
0.58515007865045 0.439073933139302 5.75361330374448 2.25337090567163 -0.626887464267962
-1.37874016454363 0.579411041782949 5.44034303190907 -1.12819324017168 -1.5470361504747
0.145944961016692 -1.89812160143294 3.90340495420662 0.573895412972114 -0.597524051877294
-0.568475524197527 0.470176078167435 4.78145078147194 1.74484348762097 -1.28268568971916
-0.0633257295526291 0.934682586189348 4.38807409684366 -0.774130270674388 -0.393207396829216
0.541766622859691 0.355149582395409 4.96772451802835 1.29112228558232 -1.07443089007647
-0.118585834222672 0.272640375777756 6.54660588049077 -1.98709458717824 -0.381984921051873
-0.0255306630084934 -0.0596022842272206 5.16161182289516 0.0579109814062224 -0.434999983738521
-1.26602059711295 -0.424671318450532 5.39786668424308 1.06925975112835 1.50637154886388
-2.29667451067991 0.191261902810719 6.26278486647011 1.25068821471282 0.043937828198318
-0.0521515471236294 0.923153176406737 5.75014138126761 -0.905395329874435 0.410773742448547
-0.634876205190863 -1.81622872902002 5.2868852459184 -1.95193440904161 -0.275073483078593
1.00713108483817 -1.39981987467164 3.96568890984207 0.204457688967404 -2.3524623632041
0.452013624950976 0.17249311850113 4.5540862119898 0.692987664495991 -0.88196639825327
-1.00799413958152 -0.692770711719364 5.04416128033461 -1.10372861440198 -0.417947255658585
-0.814004122395824 0.777063443034602 6.21796223420508 0.355087187103901 1.06801341271025
0.613663428771474 -0.220098710385129 4.40367519367748 0.356018198134925 0.886514241061584
0.295840437708735 1.00815987935478 3.48362216940111 0.460917912811739 -0.589625619572486
-1.31565952886366 -0.0799316703898355 6.0130203671894 0.64572006603176 -0.513807208796612
0.549669411239434 -1.11993708080411 5.58674971105224 -0.535408498464177 0.106535487528216
0.91741634877131 0.583468810161583 5.10511302571128 -0.181532809352983 1.04566413214043
1.17129008535186 0.191842786843129 3.86140662106514 -0.224177882286754 -0.122567595090016
-1.02249392841961 -0.2474879556049 4.91681848046195 0.377894777562348 -0.254990931711794
1.29733399973247 -1.21423914577355 5.60301772362543 0.452076016142599 -0.139672991942774
0.372388633206776 1.5561660998372 7.68078640434914 0.192832470471337 -0.601826269595878
1.78719174476399 1.40601985572763 5.60793289059571 1.44784595245008 0.293084696221263
0.245577480225004 1.20271072220915 4.37853865774045 0.277652324378722 1.10427200206029
-0.293561079029981 -0.197601845784255 6.03664954320418 0.223174567969332 0.128869205371026
-0.712768096768337 -0.968124676667701 6.85589590403324 -1.1775008661369 -3.24864269370697
-1.44339775695172 -0.835601854702839 3.82889690481748 -1.00276993636897 -0.938580462303717
-0.624886531414327 -0.0687526292783793 3.24848544157035 0.619960390425743 -1.64099801714401
0.665530469080483 0.0785838518088242 3.37076502613709 0.960668333945956 0.526567759858897
0.350210208641791 1.18305632459121 6.65754460646363 0.166402428637668 -0.258103378556324
-0.957690419673429 -0.125912795584921 5.45305388863448 0.995185833484348 1.7347372292884
-0.467035801107398 1.02315172076132 4.04613649622854 -0.517880460140273 -0.502416370657082
-0.864943832349149 1.97587674642761 3.60755254768784 -1.29791407876338 -1.220376712411
0.890863241022745 -0.255000267781385 6.26878574104927 0.728064357782619 -0.941264767200626
0.819194555181623 -0.896656944662831 5.50553328283613 0.730601044517803 0.292348917225679
-0.684050191901207 -1.24081050492867 4.22328349497099 1.43007886868572 0.369727319446407
-0.721174705808907 -1.1808868218902 5.45361175308597 1.19482732331214 -0.539422311305371
-0.566398635556218 -0.163212388446436 5.81698471046562 -0.234665061430573 -0.912854047619625
-1.63713315010897 1.00083113944005 5.77682419827217 0.0263498851850358 -1.388013095387
0.466433593403405 0.263319977457472 4.638628555624 -0.389881726695342 -0.561958131259436
0.29332334679168 -0.859547952596844 7.13663836346301 -0.24354647864676 -0.482740622596553
0.246662790747917 -0.669202940947265 4.36746895877695 -1.47236876673012 -0.664480837146909
0.0687399210166322 0.620555307442558 4.52794549460031 0.683094110438517 0.0578681346156401
0.925091313112425 0.214024874082786 5.72450139300456 -1.55642576378356 0.0129884650376237
0.457801671907456 0.0144992785904583 4.73570319655068 0.897231859240052 0.569258536207894
-0.0893074430144591 -0.38929512470534 6.0161041095355 -1.97295707083166 -0.041614838399015
1.70647283194133 -1.23759905206566 6.55681526948194 -0.601371196431119 0.182637473899311
-0.211950916600637 1.05545917721847 3.53144322069752 -0.625027631175495 2.21046923036447
0.0716843214314689 -1.29104708296278 4.95725522825682 -0.778242487749106 -1.15816947665158
-1.04258914113653 -1.07395157003638 5.04832388254655 0.455857130498954 -1.04503034500625
-0.243754865957791 -0.787516480619072 5.55892473482101 -1.31637885459533 0.640799768245716
-1.11384588490114 0.592516009094076 5.19272977696715 0.355349811793674 -0.412976668000487
1.429581815826 1.3084278027548 5.11896653212478 -1.5397129854998 0.805940835374345
-0.867573684642179 -0.322317181830853 4.08626798766562 -0.876241740351061 0.481626573641587
0.108487228937936 1.14271658700108 5.27773872746676 -0.870019924139693 -2.33349697140632
1.84314724597058 0.687156266465432 5.57440521088049 0.259019409751571 -0.848980452944948
2.6769234611706 -0.410846414415391 6.04329779940152 1.15314688066256 1.80614238406668
-0.829741687264352 0.379863519442641 5.81272767803028 0.290878757525138 -1.24526059787523
-0.332169341232974 -1.39113936365175 4.81088934985738 1.11857609607302 1.04955933174631
-0.483361423080237 -0.34242812750315 5.06217847933697 0.66616447795315 -0.174750181918898
0.752223957500054 0.545799621273503 7.24291277879963 -0.886719540664832 -1.12476549061948
0.659045833122491 -0.821895605693187 5.19954638572882 -0.41183135191821 -0.274258884738102
1.42415273509315 0.0985712216018996 5.52452079742146 -0.563042479057689 1.07876824083926
-0.0946447503695682 -1.6586544152561 7.72359214520454 -0.714338646880475 0.0580968144568621
-0.25434794759494 1.20509063400775 5.52638153600464 -0.931574445640984 -1.4280194111698
-2.17551062889291 -0.19675069988921 5.73168915269897 -1.93006079329924 -1.07161005233941
0.0383892005315366 -0.334326555047034 5.8175502951024 -0.0950431106474932 1.53273493503651
1.2971471491754 -0.650329215429318 5.21613930749095 1.27929783150877 0.563438429636999
-1.07992052055922 0.785786259038691 5.96677734285121 -0.0753899293943094 0.69392712866437
-0.958429163804555 -0.0854011403189851 4.96737966322404 -0.591938485793809 0.138546510443013
-0.817496573880403 1.81202578763432 6.19239788557619 0.800002713067661 1.53661146111719
-0.2648976013342 -1.56058343416169 4.33018569104819 -0.937728458964201 0.94549943130063
0.351661296407503 2.70228079890943 3.69030993554426 -1.14007852087297 1.43899646983528
-0.243163253998879 0.11654959939454 3.19836864929902 0.834436829697523 1.5225613517226
-1.14838608478958 2.54973156489588 3.11996899618513 -0.60875754984151 0.761788113916911
-1.83059968731786 -0.413684026499522 4.72638740320378 0.146586138862459 0.0595749354024592
0.95100092801954 -0.140371329050542 4.22117466726447 1.37229165789558 1.94926891489332
0.0456329958462379 -1.40936135701784 5.09143394436055 0.0296320021116216 0.0481378908632502
0.681259009900474 0.574647878037764 2.86548355166891 -0.110927876320825 1.21411451300378
0.282904663158643 -1.26673647538921 5.2348465137235 -0.840853671305296 1.39617620594388
2.30746308536134 0.423722805125943 5.50708032137879 -1.01670767414342 -1.74442927143337
-0.754377716684307 2.53766682869312 6.2876663724033 1.52632078404616 -0.347420387741767
0.507638529093084 -0.4293965774491 3.94437783317048 2.39213466958286 1.21043798175031
0.629536751057723 2.00860651925671 4.30766108425452 0.00935585246560773 -0.282451862758645
-0.49887071048623 -0.518473492199116 4.42760064575734 -0.799486898051529 0.958695220447299
1.63434309926056 0.259622712678378 5.04838966205712 0.692422663876894 0.248664461176133
1.22869721549889 0.522413465858263 4.69666701183308 -1.78030884594196 -1.31434975777992
-0.334643032236947 0.181264328503803 2.98395500659189 0.179143132248138 0.897243167976587
-0.908317674052049 0.245561680693952 5.31363196491719 -1.65564752929557 1.53602412059161
0.0946363503633291 -1.47416756523799 3.43171771752223 -0.109536499909952 2.06291530608053
0.720871098162254 0.634435704935792 3.44796820622053 -0.361074783946391 -0.475529695244632
-1.3036644989675 1.16201725618143 3.62170682524568 0.739035061198398 1.35025805197742
0.839161899636128 -0.804567382415725 6.88449684010407 0.252882255831884 -1.0950498769905
0.705284624514686 0.52379220227902 5.49619556812233 -1.3807702131288 -0.596020721025839
1.23127242309885 -0.396740981117913 5.23061826595665 0.158421792515782 1.73824331243986
-1.63786265118015 -0.325639945163772 4.59696861113987 -0.507582418839419 -0.384545940927904
-1.80139501566202 -0.61768639007386 6.29879623132675 0.625321900770359 0.468906438731221
0.253606209605132 -1.62928633582024 5.12075698020273 -1.53752292801662 1.25256282186804
1.78516099603478 0.458706906120404 5.66857497909706 0.259754884722717 -0.371540306929635
1.18487713667685 1.60016383691655 4.13545188900962 -2.25864897343825 1.86684772721411
0.105491092881871 0.00575113033382083 5.71468745121794 0.464512254023106 0.408745154416338
-0.840080450384268 1.53415809099447 5.19791806323039 -1.87144082849945 -1.45589256553295
-0.19442532864585 1.29835423794024 5.30234566128742 -2.25054784491455 -0.84684678309769
-0.236424023377829 -0.844850682103533 4.49870230124154 -1.64208513997349 2.13517612359385
2.00323310509846 -0.047430290408282 5.21994610566797 -0.28734054877611 -0.0181505255099033
-1.67673055938286 -2.24394228471008 5.8712542134336 -0.121369410684344 -1.00446668021294
1.06761004737817 0.287965640222927 3.82224867989211 1.0547405740231 0.900338441382704
-0.391180322037926 2.35011558306717 5.7519930453713 0.152413294949438 -0.335983529496334
-0.257439499602919 -0.104291859509084 5.00754571368496 0.684844798567811 -0.173736135480587
0.929259174026292 0.180002988732848 5.78223244399013 0.537858042254101 0.897441116943441
-0.599424714471782 -0.856567667174616 4.96532705485227 1.68150836422287 0.660027307012877
2.25751560904659 -0.729807816761031 5.21124074506453 0.831020396725929 1.81229243645487
0.704093772214501 1.84216208114614 3.37663093184411 1.02040842858196 -0.745579433224599
0.293004812279405 -1.6283863458121 4.98900411535003 -1.29490715522188 -1.19875745858764
0.548825009489035 -1.37145026891186 3.05180073097383 1.04179563710439 -1.21141653372523
-0.524010726990904 -0.239608992529735 4.12186181163828 1.27035404137479 1.68358435548982
0.0939884780761809 1.23192196321277 5.88751632955075 0.183174825842161 1.1707220982259
1.53769400925675 -1.49089840803868 5.88862697126655 0.252963090212975 1.53986937925056
-0.199455904486588 -1.17933823454482 4.30535802808168 -0.7223752463433 0.476413513772411
-0.190742085275763 -0.925659325459674 4.83748820545206 0.447276513045511 -0.409525715773221
0.985911359053343 0.92700429074349 5.78949626584798 -2.23247690798324 0.572854854391341
0.345139290549922 0.989693854599736 6.09857826311154 -0.68713484895426 -1.87033868407684
-0.316857842096034 0.856662540567188 4.56056147911412 -0.611802254469726 0.722381805568244
-0.294538963403793 -0.249772688638772 5.6037395248328 -0.748352952714545 -0.744736551312505
1.19532370981393 -0.183896289124753 6.44405293830803 -1.35482473987623 -0.891430070751721
-1.16141198279637 -0.708689262880826 4.54735936701681 -0.211487097475724 -0.147961247273145
-1.0748000792714 -1.12314247930735 5.21645816391066 -1.67938400534537 0.320854804363257
-1.85792800165843 0.751284317127779 4.85339566884636 0.256320562093093 2.75432181299958
-0.110019454388971 0.2153789428657 5.52114177156148 0.180432495369159 -0.895148268984271
-1.2261054657321 0.140897011942586 3.80510655716105 0.778824916582468 -2.5159989505632
0.513308275703368 0.100425848727563 4.23495743246424 0.0177151255704222 -0.0892023571452859
-2.08665328403824 -0.0568074644901464 5.96927592247503 -0.124656704963337 -0.13902189300498
1.01470190866552 0.848275890609074 2.95419443946921 1.39610306677484 0.152311853208872
0.0315260998254232 0.322186709299486 3.74524265124773 -1.87656439258615 1.39354912178104
-1.28095100118649 0.0180097720711568 6.34053636603525 -0.167606567169573 -0.568493610942592
0.570065885756213 0.850233114916419 3.76244234423369 -1.3106103008156 0.198652135761231
-2.40777097531054 -0.801753914432713 5.13565822350448 0.0308090620584241 0.703618053784104
-0.209411055798258 0.423314734256845 5.26447455879928 -0.895624163089349 0.5973403601503
-1.04293862939419 2.14550353097822 4.04222237345571 -0.331111415132185 0.112512587229854
-1.14534195303771 -0.58016662344968 3.63702230472876 -0.274402985523802 -0.435970658246688
0.873805371713799 -1.1278403229227 7.53800111205977 0.614036670032866 -0.0845468871183281
-0.65635835514065 -1.16929858693364 7.08158553932096 -0.313818616290221 0.299313466681367
1.22842132803726 0.289512022793826 3.58801211258958 0.831680976272857 0.224401167776504
-1.9861708600005 -0.490973344143075 4.10074675588546 0.777132190926389 -1.10861660016471
0.378019372544418 0.594803216140688 4.44087282547264 1.83556564736153 0.49098325723785
-1.5468268284302 0.845948814403619 4.61620702764312 -1.06845294435876 1.21635825666404
-0.60351182956372 1.37000121405291 4.49995387175657 0.413865870018296 -2.24204565579322
-0.0512190250753339 -0.340573968390505 5.57229710805449 0.986848217181745 0.484002487806853
-0.203400819786883 1.21850266808662 7.38257235201484 -1.30151423660172 -0.156810709460837
-0.700775783427782 0.0214287867757127 5.91995682378075 0.908168970572169 0.588421464821424
-1.02135634004579 -0.316742064039265 4.65860967162134 0.919017739533885 1.24747917681841
-1.24736044950076 -0.173450877782714 4.76907958316401 -0.0760816454463006 0.585151176565701
-0.137996043084024 1.22502840478059 6.03404089130142 -0.163596294313716 0.199177645289701
-0.282129445621986 1.80873714822779 4.75367031247248 0.869801042034968 -0.641243779920031
-0.508448796777918 0.192577629888134 4.1379860756907 -0.903316298221349 -0.789279765500343
1.48351821747185 0.0851341900974247 5.20249413124286 -0.923512909538009 -0.582112926694235
1.00311784212252 0.267280232472524 3.72111095404288 -0.267644101297228 0.678807005242098
0.598481598644739 0.780758842291182 6.37249624994978 -0.210016335547382 0.871504473034251
0.546553708051779 0.0631299750247116 3.57172122169767 0.500910765198853 -0.275625121668063
-0.146875947701501 0.230589052948858 4.58221850513533 -0.0901509722123216 -0.775832654437841
-3.00033777802042 0.14690570287311 4.2039248080379 -0.0962716522132952 1.37303202656074
0.505789983946068 -1.65722715305659 3.6533944179939 1.23421944672546 0.218263763475477
-1.06972627022849 -0.641630971901553 5.32833488541395 0.170481285943264 -0.77495255731663
-0.731986049060304 0.0569699398499164 5.31142787416098 -1.14301869846845 -0.366276680831311
0.300070198114303 -0.411482963630679 6.30651272833998 1.29582784630658 -0.937163578061551
-0.811577530312857 -0.68659930254117 5.41834634319588 -0.354060362226574 -0.116411602347342
0.488355617270042 -0.0161533139012954 5.38618010866694 -0.567803757718743 -0.307508703377092
-2.1037798035656 0.433565083849905 4.97056562584505 0.000512460659678946 -0.778505625346308
-0.429078443185158 -0.770034779523914 6.07702433897076 1.22715000088905 -0.485629816582278
0.134050038203342 0.441803369232357 5.64307145960683 0.582903301624408 -0.444240649163756
2.64191645137536 1.5434651672475 5.85008160814903 1.55451925590461 -0.380169621558636
0.829486748063441 0.763529892148512 3.93124457413919 -0.107079980050159 2.15923757521562
-1.34582709262742 0.51664518804999 4.94337625900543 1.06149219591611 0.576174988389764
-1.12248723745324 0.122685376462334 5.15775777256512 -0.304017528609005 0.92409437766304
1.40236979915469 0.0207855898846763 5.65651564620909 0.223186715159322 -0.707401545012608
-0.671702747662665 1.1946208774982 6.4019527968341 -0.17919962757009 0.971043391264589
-0.153065670419747 1.86185101932348 3.77582298721331 -0.926385719374726 1.48407074362318
0.075015839833106 1.2493906319029 5.51947517205344 -0.332142404060298 0.807693232399117
-0.187261193790333 -1.4678761230331 4.46852492544695 0.0897466419805171 -0.331960119387849
0.444438830220476 0.509253078374967 5.62056352495539 -1.32802054317504 1.07215714998875
0.237276080834155 0.684762162034619 7.41406230797294 0.182341660953901 -0.14034115911519
-0.562908413580969 0.619859920490238 7.37318563406664 0.728428726369983 0.509070019007079
-1.05344688372516 0.571324444590299 4.54156510274513 0.625830856094772 -0.833395178245271
-0.167475230102467 -1.39502962928256 5.5397474130191 0.655232126654855 0.0212218867268857
0.79641053263858 0.319144973101056 4.25369134340615 -0.588622109652105 0.616133131915782
0.781006958350696 1.01029394690498 4.73361448049604 -1.37494299576804 -0.251205565182324
0.513919889573518 0.572993882514733 4.23848961044178 -1.00263232737883 -0.515264447743263
-1.44712203332102 -0.160617575796921 3.71162810407807 0.450240790715185 -0.323952354102471
0.863185305866758 1.14655215338274 4.90961575328866 1.08411698574435 -0.205948912564259
-1.30069276490929 -0.387682981216838 4.89031559390867 0.920439013355606 -2.12118188841407
0.0304583308351214 -0.57550687264317 4.65401948999371 -0.611067859892579 0.611377875472384
0.0392366108158511 0.0998825318825732 4.40207530565353 -0.27183992117668 -0.237508877417848
1.60158256272198 0.328074386853853 4.89079433647428 -0.250044917056336 0.218220249076349
0.957191062471312 0.133502591458794 5.13831968013124 0.632244563818316 -0.26125445504905
-0.2386243485465 -0.152403664234592 5.13272901098596 -0.117370349198566 0.0902203559794421
0.566045539149003 -0.623330579075766 5.35917861717946 0.295881064077701 -0.0391575937683243
1.19115641585261 -0.518826135365282 4.35370698145866 1.15260360907445 -1.3732576195058
0.592805110523835 -0.32485990552451 3.40910859630178 0.815528655771505 -1.05386389373637
-0.204636026440712 -0.835018876548962 4.40591061223957 0.118574339608782 2.4756686221372
1.11838873142413 0.63947422446724 5.40584411969726 -0.829898347674061 -1.37987526107423
-2.20187685230998 -0.302676346666623 5.00009306686792 -0.658543357762048 1.14272199708883
1.43906698856847 0.248372392907416 4.90619555998287 0.910939119070432 -0.163859377760893
-0.452805799580923 1.96853124057731 4.77669170318232 -0.152374201795863 0.00524446041819234
0.720047405146655 -0.851511779081805 5.07745700215246 -0.655366469033571 -0.0155742797006428
0.0457159154022835 -2.4215021182979 5.34338073767034 -0.816374324995656 1.35453179171029
-0.132358315418892 -1.0647632879167 5.16818618434764 1.49859106992917 -1.12166674492098
-0.00812556757365174 -1.02125801145903 5.08430988166773 -0.370735047631456 0.634864590922391
-0.851996470026851 1.24552968954828 6.35757766742113 -0.459748340528651 0.333429599890366
-0.170413045463607 1.52662060072835 6.52776505894427 0.577754158911862 0.641239126939753
-1.92023224510617 -0.0405426083225009 4.79697048561397 1.19386807388036 0.553857054002233
-0.502328305690992 1.28679385823023 5.78569322457741 -1.13222974922848 1.61496671078548
0.643506061149235 -0.107620030702056 5.49712852624902 -0.230029800421687 -0.487538257621479
-0.204515788409861 1.55988243603452 4.08378670567314 0.678629352623764 -1.51300525488677
-0.668694755741766 -0.442097313076637 5.02900369107552 -0.503365637751861 -1.54232297000821
-1.57639509322215 -1.21287400244036 4.81572113280371 -0.700565392324184 0.250081729795063
-0.0376027112878809 -0.777237317654176 5.21859285989251 -1.49206101039153 -2.1408170734157
-2.37178045198265 -1.0765572765103 4.85578601194088 0.972846016633281 1.0182421352424
0.234398907256041 0.0130610833301093 6.3316811497826 -1.14813085457961 -0.235356632571413
0.45157430885321 0.540675780327483 4.74893369522979 -0.618156305446092 0.403750142699211
0.755821888281974 1.46477844703316 6.98208469101586 0.766070099092776 0.218192468822116
0.624717736850241 -1.16510080272175 5.9771230531213 0.246164449346891 -0.265270240822802
-0.608444928687808 -0.0162861427582901 4.12320481092032 0.883076961666026 -0.897186906721563
-1.64551041428289 -0.361709742396248 0.287394528869718 0.940364082189815 -1.33115891066483
0.386879928006914 0.487090240144614 1.27828285867809 -0.226739026219401 -0.779941461101399
1.22373634744293 1.05598640443441 0.825040820316209 0.673171082791574 -0.160239658102637
-0.122753109206945 -1.1657842111376 -0.820625670502265 0.140283084722928 -0.124485722576889
-1.08127513634304 -0.365060649633085 0.998700704585804 0.584768315430541 0.286221216334416
0.132311430549684 -0.383163962068746 0.0492086140308061 -0.830776371772701 -1.64892071120808
-0.804884274754083 0.191303734661763 0.650572417347581 0.0204412271680113 0.147220368307432
1.02814809714436 -1.38615445558487 -1.03126089035867 0.129903429527202 2.06765758465215
0.368392310219771 -0.159750882555687 1.35072311849218 0.934229928839164 2.03064988675849
1.37068834313624 2.41479250217393 1.46811458136466 1.46258556545348 0.51819684441581
-0.763135526914063 -0.721657970536036 -0.383121865207009 -0.353800670560768 -1.76719713006527
-0.615618055067575 1.86516285263657 -0.684252501446165 1.47758348562959 -0.378887939899208
-0.393014589326343 -1.10809765310621 0.631777209198745 -0.184252080718021 -0.468878099935886
-0.512401429916305 -0.0305382104927969 -1.41997651665357 -0.0208934930558463 -1.39974621062936
-0.539885494792572 -0.684086137347929 0.144480006952352 -1.70548450137086 -1.73136045901425
0.74414915894681 0.0125454205488885 0.305415043934934 -0.191412450014162 0.743271369199804
-0.228041218555425 -0.352052079647849 0.55908973327256 1.75266974885667 -0.0334859162366725
0.750117363564387 -0.761555788174423 -0.794089891383672 1.4825576476333 -0.235628503238426
0.601550428011297 0.563615627898493 -1.60552969962746 -1.47183121299791 -0.900585758106254
-0.217421311498479 0.568135170955241 1.58723560159107 -0.232054944025679 -1.43545006404892
-0.956366984467755 1.4584445469735 -3.21636936757043 1.38648298921012 -0.688799237562286
-0.341629479621315 -0.637338338647941 0.043982532099826 0.535636119162457 0.815542919399234
1.08097834462139 0.441579228452007 -0.39043136606999 0.464726485987838 -0.647604090135059
-0.804595239153414 1.9090825791444 -0.559046778564651 -0.156162332157392 -0.935322576685173
-0.55641331923186 -0.219186048535968 0.204747055189621 0.632534697654481 1.0831616676192
-0.685228670300391 1.16661370824126 -1.6219250505191 0.308305195989406 -0.195833622907963
-0.0471624985163731 -0.930683064535639 -0.698625048570314 0.805358328489329 -0.943265744299095
0.997459683792802 0.658489171123456 -2.03851794746582 1.07331978733238 -0.322111065465855
0.0454940690236851 -1.39440896731392 2.20709172737622 0.697962872276774 -1.46814182670378
0.288377389640781 1.84245365777209 1.50871687203394 -1.14391709025487 -0.871655830048573
-0.777073085826692 -0.554578800775176 0.0917061020879512 -0.190587689499677 0.382870477292065
2.94769492784854 -1.90317606546662 0.64140266323606 -0.583414954536621 0.558960791871388
-1.17832326806485 1.14127644019901 1.19294831271887 0.700728956140327 -0.371093261882656
1.00596074894433 -0.188957843726724 -0.571680236084656 1.38831636760843 -2.11426496465153
0.962026500696178 1.54987245069482 -0.123808151175414 -0.981583016736047 1.11299000479845
0.552038118753773 1.56470939780457 0.00343218622045216 -0.488580976475074 -0.293492992139226
0.48905657441359 -0.776068982289443 1.22574992733568 1.59633647072548 2.22331777312028
0.0850904548013318 0.38446586625952 -0.648532290693021 0.0938737264981821 0.792656265719011
2.25998821380176 -0.875547704512299 1.19660463433538 0.411524249207362 1.68925596116106
1.17069972713628 0.56487595806486 -1.75279531634201 -0.629668785845493 0.612706117605183
-1.22020144621645 0.195769470118372 2.33837005940083 -0.193639787002497 0.505286236860233
0.24811840011103 -0.222456715328182 0.224220767583455 2.42266697064435 -1.88101937300764
-0.805609534403394 -1.45014569912737 -0.885729474010047 0.306788353074849 -0.684058582322202
-0.065815978869831 -0.568110227209869 0.457612111327053 -0.250107255772731 0.543136662463518
0.351564907245921 0.297360421701349 -1.78608323445259 0.290393586758158 -1.252110514115
-2.4567771942367 -0.50729091625976 1.39541076435951 1.15853913417272 0.614793464281702
0.103154738765459 -1.39396218410226 -0.98436429105399 -0.0653837348559094 -1.10811378463037
-1.47567950205855 -0.364040069786891 -1.21394058216745 -2.06790070079768 0.703312650661834
1.37452680631295 -2.98534416974307 -2.10950724991697 -0.107306923199579 0.920222507408658
0.985540241423015 -2.04235384196675 -0.776456011781206 -0.241572701387681 0.0717892454169383
0.184340203277282 0.800403265706092 0.241855847557643 0.0894377749727171 1.45104058451268
-1.07026700575462 -0.457701034640451 -0.291247533067598 0.00656673745894559 0.554459414272721
-1.26530633932851 1.32320821063288 -1.66704064197267 -0.376743094449536 -0.48013088499091
0.670703123460186 -0.285570082393829 1.35505119641427 0.0650325127332276 0.356090946626973
0.869792361909318 -1.59134565636543 -0.673921240252926 -0.488453248320344 -0.190609372107365
2.20862067009408 -2.76462087624246 0.344233696605524 -1.09001878069907 -0.387134356890532
0.151037142756557 1.45584767546264 0.0582575239539331 1.9604512947416 0.111204288415205
-0.415869083005033 1.39561918072854 0.399509470984391 -1.0470358383208 0.135056544433433
-1.51331887007191 0.0254621510303998 0.624869426641765 -0.840792695668862 0.449613892628198
0.854637015910027 1.86021744723281 -2.99433631384215 0.494742076723196 0.562997279694365
0.341808265028734 -0.178814126281027 -0.349314649869385 0.637174872636373 -2.16371676796239
-0.319950603116453 -0.365670724467029 -0.60307132914685 0.404831943950253 -0.192558989047787
-2.36106183266674 -0.0879343511470671 0.758308409947133 0.475365070955814 -0.591962143353273
1.94703113294636 0.969574062778181 1.50623763535444 -0.755712056969194 0.18033048508296
-2.02890485111109 0.405150810241004 -1.14611461743338 -1.22784594685417 -0.0841434436226472
0.663413281963256 0.369036339327297 1.69258541433184 0.209293603749558 0.0462907702301912
-0.00269771914561201 -0.492969859992621 0.291298905137539 0.247435765612653 0.497741707631351
0.069631133321855 1.00617634438458 0.677569693812075 0.710216400003862 1.15978385440536
-0.235645941385555 0.72479564442205 -0.591033687727581 0.324366559194064 -0.900303085539873
0.702032814009288 0.604113816738168 -0.230589065458411 -1.74323444896235 2.09615300678402
-0.974603919809009 -0.302009104504095 0.392359106248305 0.337112487509487 -0.223057397674224
1.32868812278857 -1.47713227416915 -0.584995856182122 0.522714592245577 -0.777858013705324
-1.42134148021843 0.294863262957308 -1.7623957057401 2.16653931400076 1.63524894765495
-0.341210317296659 -1.89174584063418 0.144853534263086 -0.0963574965736177 -1.69710013609023
0.772880646261049 0.424246134060467 1.26160702832409 1.0453404297699 0.117453995379637
-1.66460571325479 -0.359417998727407 1.49034098319613 0.810300516639999 -0.429725106777721
0.164794310445271 -0.798013852283336 0.858274870201212 -0.32945908864334 1.12087045133261
-0.602780363812324 -0.858160916015886 -1.22664141097209 -0.128266583564799 -0.375104540277015
0.297347113536926 -1.44438297242655 -0.181667382688699 0.00221362151426307 -0.387387855326716
-0.393802444978623 0.497644044290935 0.253697733024475 -2.06280263793037 -1.72434427956991
-0.462895732929055 -0.459059396518704 0.0992620446976176 -0.761039196483691 -1.22177883879165
1.19465747489466 1.13576075083911 0.595562091292264 -0.161763684270369 -0.782368053668625
-0.399496213091024 -0.860493165957065 0.540717822639376 -0.409311831555953 -0.0965579730772405
1.52406481796227 1.16634795684641 -0.345214842787386 -1.63503201154076 0.567536373077119
0.724542184529325 0.138472800302745 -0.804801231145219 -0.936974060846269 -1.31801423495811
0.81014389122309 1.04406668663112 -0.66675428567353 1.0308420721039 0.22114367073912
-1.72983619768207 0.168014795829311 -0.646768920568368 0.301794033602692 -1.93821167505107
1.04614299429491 1.01697866976488 0.960383517013864 1.39587774961245 -0.0318593048105136
0.372689409986454 -0.0385831489966258 0.428057915534623 1.6181896250515 -0.568935176820048
-0.49940741016037 -0.919001963554487 1.22584816483666 0.114323648157177 -0.0381408106448109
0.156991034912701 0.469300381020801 0.594516707588 -0.824610818262929 -1.2671450131572
1.70623537117589 -0.779831085371185 0.440511872203669 -0.579558022534004 0.0547828869261091
0.223924734204207 0.104161509968463 -0.580428518478495 0.265960907005934 0.128097669821031
-0.682251397608928 -1.94213083146766 0.739890584417326 1.02816578518551 0.228529203548699
-0.703400795843699 0.672136835551003 0.601866283530288 -0.763268328581847 0.674186979670565
-0.396263780857305 1.05116570907608 0.866926530393711 1.11710434658292 -0.918418177370206
-1.39466421796135 -0.702566530088172 0.92381084482055 -1.43578194347025 0.468546698898082
-0.726634949279115 -0.778904660387236 1.56603925032104 -1.68449801531693 -0.733475254177075
-1.40523206788119 0.0426745973730058 -0.577159218537349 -0.476961275797067 0.444978761585668
0.552397306829317 0.306100673146983 0.536172594169249 -0.179827578654297 -1.51576259884576
-0.754217186866047 0.703029197128142 -0.918246993372429 -0.873599935031215 -1.93866885410344
0.722751155242564 -0.589681531823315 0.790314854871961 0.195520485834499 -1.77827044062418
0.0449285646158548 0.590849092392987 -1.37208394431771 1.18157615966118 1.69604987244372
0.831945504701592 1.41417073135049 0.282831126074917 0.26179662312084 0.976538681604056
-0.237351445157269 0.0239734534044298 -0.110874489019094 -0.692373250556091 -0.849641049068217
-0.700269704836521 0.623188890520663 -0.48296307591416 0.671318833985609 -0.0479546449088197
0.166484333713172 -0.189075669293377 -0.253415198419201 0.849666308550397 -1.02352740144672
1.66194520479691 1.11161253538249 0.24456248681134 0.749942777097986 0.800648991815596
-0.409878392880939 0.395120367823946 0.368889629305631 -0.533938816053192 -0.730888848115608
1.79939047120442 0.916272209639182 -0.765791954791923 -0.501517662303879 -0.546696060940728
-0.378898712807104 -0.837646098037478 -3.47108907841226 0.704287998519168 0.765173788051605
-0.870154304224512 0.0136396287298924 0.117683000780633 0.660924648572475 -1.3192568390338
-0.00446584051112223 -0.927355342451764 0.103960964272891 1.74202203781785 -0.771968172700608
0.984095744428736 0.811248040375859 -0.462834788205101 0.373277996995119 1.86530324238921
0.691258876343594 0.764326904546943 1.33803221051894 2.77236507868888 0.948988892182714
-0.849040736244533 -1.09001350778354 -1.47530646355753 -1.47067346370472 -0.202495568513571
-0.719666464418444 1.02817034816526 -0.435313709242737 0.0311472043380408 1.07938051044814
-0.306252906825017 1.00602421715312 0.0167506231550311 0.631006898691934 0.985607436240131
-0.925372147448633 -0.406932629450799 -0.349538864317005 0.335991964841913 0.487017862514188
0.0241509221435388 -0.838848731784391 0.773048130803819 -1.44373141542725 -0.27180089121439
0.394901369972914 0.73649037195109 0.486324818495745 0.174780013869228 -0.262429192146573
0.32858096466056 -1.37296132669157 -2.15355842772969 -0.382114414076987 -1.49504673359213
0.0257905574513386 0.122374250727532 0.560305891294434 -0.612896389805767 -0.314929244868441
1.01599840778784 0.020053909810446 -0.832970823987053 0.262488419275025 -0.531479002459528
0.740377712065896 0.479017294363563 -0.105021759203273 2.103769067982 0.650934739038922
0.542058270240324 -1.47182422490432 1.29855347958727 0.0768324927605377 -0.30363222852774
-1.65155875399833 -1.90768541434436 -0.526083641246638 1.02189160555571 -0.425646992861492
-1.36137879454166 0.021189897121626 -0.715346901537408 -0.637550541197505 -0.751098262762089
-0.448125292940392 -0.0242510008144619 -0.512151168995057 -0.668607836404921 1.88647156551437
0.938641285196631 1.09071196264847 0.687550288272108 1.20962211764575 -0.885120267949212
0.643753423606793 -0.0129512820314702 2.47833684906203 1.0538813682719 -0.874254641308754
-0.659093529776989 1.40753049801078 0.0482234381604098 0.908889347014911 -1.31380800896417
-0.785200531664126 -1.9279083113986 -1.07916817699307 0.737339536365887 0.671001944739804
-1.43667456102234 -0.174109807741857 -0.37747191071298 -1.09655544671468 1.23584368777089
-0.0233743001014848 -1.10805820108233 -1.91463873183468 0.528857365803517 -0.735381829364725
0.855181110106403 0.875129199557171 -0.352239024907903 -1.83369987076906 -0.796893208568808
-0.72741888289975 0.182628141760573 0.677096921489947 -0.680234776268031 -1.95206153553639
0.649620295720551 0.628748122097436 0.124248113376371 0.268633534971068 0.836403464612069
2.00035715326471 0.672602389475501 1.87108095846581 -0.17709489914543 0.486849843429618
-0.735177459431798 0.10260319805694 2.97522544301596 -0.727511644473339 -0.234114031921229
1.29029714579082 -2.16660214143996 -1.73502363609266 0.0928065776095558 0.113751603386642
0.976230351208994 -0.872970155203762 0.0582779818202018 -0.388532059713867 1.29312575298401
0.0963669422102502 0.376510827800871 1.49109165546735 0.60857547538534 0.827767062115652
-0.625531408967065 1.74078708487217 0.865171343685528 -1.25850057066356 0.480650093841935
-1.00633031866139 0.827297714742747 0.238920761403619 -0.830906890608967 -0.663639375677339
1.86607269746974 -0.311144608934193 0.512158425825563 0.792276501745938 0.958385418675353
-2.44123811580716 0.834869273092009 0.620949648355627 0.250466304021274 0.361748947676977
-0.609686846222478 0.30465265052172 -0.883668432304052 -0.986580301288229 -1.78421516229813
2.59525553198433 -0.862025640717498 -0.473641844207971 0.473415619617167 0.252198294978602
0.000947841705718925 1.12066745496443 -0.359104616697719 1.19316949956663 0.176364188657482
0.0336256720523007 0.448294519371494 -1.00464032800087 0.619549304542309 1.01428281226635
0.0172303028064092 -0.680346628862405 0.208462327278349 0.247570220504429 0.83644766592648
-0.694941999628706 -0.584953563963656 -0.680795525327643 0.922275608225191 0.196128879335631
0.608622558302354 1.04192270725445 -1.10729661905355 -0.92073149501812 -0.731211336916649
-1.4765048588226 -0.911595566942583 0.701376896611892 -0.619230093043328 1.58228219087237
-0.825938724808738 -0.680561480301048 -0.823675724591361 -0.374843422723534 -1.13839889020841
-0.71977538900722 -0.432075695790124 -0.101672088915467 -0.973496002881919 0.142001142978424
1.27723340589256 0.104564238446536 -0.287353921039027 1.85293367847944 0.736401277722967
0.117527028173471 1.09389559050062 0.198810399109082 -0.712289899652692 -1.06578780627744
-1.01532275945809 -1.06444278853493 0.77983698041992 -0.810816485508546 -0.824409810320888
-1.32036428338873 1.13589833757531 -0.8875519702493 -0.0552589534738636 -1.98192621599312
-0.327914611601989 -1.26106840116966 0.488191751101071 1.09588578042437 -0.414678398845979
2.14155252067662 -0.798275909618807 -1.25114015515523 -0.951695570479743 0.0298905381744409
1.71715854344063 -0.916317157309531 -1.28196739208347 1.29322863389508 -1.51689047604557
1.39800670883362 -2.33225079590183 -0.681763306466136 -0.576778462806419 0.25469650832064
-1.58595297505146 -1.15297025047602 -0.32792447707024 0.653228811303681 -0.474012001822406
-0.45828482885 0.257685786868797 -1.88550418844618 0.919681729557287 -0.990902760655901
-0.271698384343785 0.0221161187513209 -1.67248581177852 -0.0478111020289628 -1.05160200422208
0.641000740773001 2.54220292917474 1.01205825635217 0.829076110164419 -1.76399709227969
-0.204691911523897 -0.848035036164003 -0.930240327973432 -0.813094174430474 -1.6714893387277
-0.81209948908169 -0.355607058564747 0.899479789087728 0.409529604697456 -0.842807185601619
1.69424726147217 -0.187000910324185 0.846706539214647 1.08436557867483 0.532895618100714
0.329452642719065 2.56250770131107 -0.777963167006459 0.840710796582041 1.60116244497494
-0.582831843439238 -2.18339785370516 1.19239671030205 -0.0925378685176061 0.0983489042994524
0.384092249642828 1.41244914578918 -0.438797803157804 1.48783763764301 0.0928060667266084
0.201999430365937 -1.04448375468395 0.449226702913564 1.06451763677024 0.237110213546837
-0.501276767678995 0.0477714776748932 0.371252028794124 -0.348621685674641 1.40439559947564
1.20260086846168 0.154229417005229 0.480147705516902 -0.649135735359662 -0.871054626068706
-0.342757889969804 0.71255710598825 1.03131170243681 0.602117190392094 -2.09713197349403
0.952123607424812 1.68883718238293 0.593736421748576 0.0528647523232431 0.951046718656049
1.11044522226611 1.4278622598685 0.279214287821375 -0.687089714582931 -0.450743855349386
0.752662873759944 1.2493519593868 0.680108962840534 -0.924169632587143 -0.545980728937621
0.0794994494198252 -2.68208745193299 -0.772725151575761 -1.96930023847406 -0.561309294024452
0.432234135457263 0.389650225806773 -0.570743444521244 -0.987122550349282 0.952603455855996
0.858892526453541 1.4494107513948 -1.98400186567581 0.828061244289035 -1.18138176288837
-1.07294021143478 -0.601908616751752 1.32633269239199 -1.23557746545665 0.590425442692499
0.67716917767156 0.0345695637991703 0.761729568460842 1.16041922288654 -0.806063152401569
-0.00474759393269225 -0.238180986039335 1.73045537615396 -0.1118681904089 0.560245892875348
-0.177190874661249 -0.181811988327858 0.0789304395881734 0.968083312842981 -0.227639904739596
1.72425275942559 -0.614874622052109 0.15461317290857 -0.25025818830369 -0.206014476379676
0.451214832008602 -0.107043287187832 0.88638450149209 1.06700004203526 -0.170199602534776
0.99189581222095 0.381359320043095 0.276177889180373 0.336439485380105 -0.253627996391444
-0.898130064286379 -0.395804154978932 0.076950084144573 -0.436252508671219 -0.174401736851361
-0.413820775322532 -0.404481101676862 -0.0250213841270382 -0.194552151670451 -0.636342553385602
-0.0933531184596365 -0.505033520481885 2.21813455126843 -1.31038325639133 -0.591859284720323
2.25883501078233 -0.126595180765366 0.0118415555144793 0.135265269199033 -1.27477348679089
1.68128297159737 -1.61915369628641 -0.494912210134765 -0.512690537795552 0.835380140338222
2.69907733693682 -0.120837586325438 0.620620563662622 0.59232182634129 -1.6223294612447
0.355978927380122 -0.174967597924087 1.55050952159681 0.83441584091722 -0.44985235088754
0.933933125583401 0.580839496122584 -2.17094792004751 0.712585866761438 -1.67258715411603
1.37646752529598 0.847496004767151 -0.032805495784544 -0.240048822159701 0.356032664636307
0.670837781876238 -1.29146027370403 -1.63811686779369 0.873945628081622 0.408185005705838
-0.831802569231736 -1.50081054686739 -0.796806695243789 -1.0588396945442 -1.27367939932528
1.00674694353776 -1.28034968221157 1.66193038361477 1.58166973614643 -0.576456669453491
1.36373380928421 1.81988538836776 -0.510477444228749 1.00333983668503 -0.612658129870492
1.03824765157475 0.618466357417442 -2.00197501942543 -0.398704517020132 1.42902722003543
0.554744183654282 -0.521211953934349 0.118833580749939 0.629161248921926 0.132374692760361
-1.21975056030414 1.59182733179002 1.66249074125277 0.4113618542933 0.021616013391956
-0.0149641123365854 -0.97195714162842 0.816045181544692 0.147289738867297 1.61190917198034
-0.49943225110381 0.770335433783689 -1.28024856617355 -1.12738103767894 0.713392225540335
-0.274549664901514 -0.130748674149158 0.356923469563937 1.39913219481102 1.14887163469209
1.06041669479093 -0.17513383594228 0.168543323843324 1.33818271031831 0.089847749824425
2.06458756259731 -0.99104053286989 -0.628372494232424 0.478389335780017 -0.665044332865638
-1.27634157725361 0.989249874184411 -0.536826508141316 0.383777675393579 0.653640408814302
0.219365647624892 -0.316124079499607 -1.02989329092078 -0.802945567851224 0.323975070625449
0.398444810768417 -1.2156839385711 0.962287224443329 -0.651925339044456 0.872561407219335
0.666957396246595 0.82689990053294 0.845069392565738 -0.985721186049191 -0.140813309925159
0.247223763355776 -0.531785308314702 -0.0418171260561347 1.10350532567435 -2.06185028015036
-2.23223636204948 0.8201848841514 1.02476554120964 -1.36107445392203 -0.666604328817583
1.39450564883939 -1.64484315672878 1.24686709241407 -0.118231343809846 1.59451090331299
0.881244220848976 0.217833218488435 1.09055820156382 -1.04563967160498 -1.40465671335721
-0.0797035977475759 -0.30977035798894 -0.910450643919224 1.45005905348881 0.972338232759963
-0.445647520477965 -0.147481152548308 0.0539567408749653 -1.46417044071712 1.46595082202565
0.116152045070042 -0.835918865764162 -0.360763148653251 0.0631909567459073 -2.20154252182671
1.21682331670567 1.26661568413351 -0.481710106357441 0.860235487428958 0.856300854154216
-0.555433088720212 0.35097949605624 -0.287568146588467 0.184403729750971 0.669033138390301
-2.52574484770916 0.991279000446106 -0.535036497502738 -0.6764082920998 -0.509121857120927
1.13538858055349 -2.05041029485091 -0.31579372597402 -0.556271974743341 -0.162948237122475
0.374876259708588 -0.669093103879123 -0.397169304355034 1.28005176849085 -0.350219160942588
-1.39698180759144 0.508894281694275 -0.507160371469433 -1.16866763156687 0.709539238735363
-1.14514191656017 0.681487041336152 -0.66948046666933 -1.78053648467047 -0.398737742995189
-1.17939689377914 -0.602565453319094 -0.530897553306508 2.28424717303529 1.11680897385819
0.801090065802063 0.605581291990841 -0.68912719359459 1.32816863055934 -1.12689749849086
0.766193182750987 -0.303584097769135 1.12752364713546 -1.09838617039648 1.0943122705688
2.05886020757448 2.16696557435555 -1.01659483937159 -0.688226109040281 -0.555146633099415
-0.740293232469406 1.05302057010292 -0.501648186685612 -0.832397056025486 -0.172793533520751
0.555584330564342 1.49771656498819 0.293280783944005 -1.88486532902279 0.0741160226661793
1.05958078274708 -1.0334841299723 0.249164527205212 0.135413994251948 -1.14698559330621
-1.19645678090528 0.56925930255695 0.0644583954633851 -2.2365808658369 -0.54246213889784
-1.32232974108832 -0.205446465001611 0.811298797342221 1.52996648336574 -0.344180759715484
-0.179385686072544 0.0316204002476156 -0.831185198115959 -0.127813567995743 -1.67535006721037
0.682914702153496 1.91784844892245 0.113088775020703 0.468959137402578 -0.36842251082519
-1.54214645497128 0.0652828277358528 -0.943087086286745 -0.286798471798807 0.440451431419178
-1.45789270470509 1.84704281911855 -0.455715508758922 0.0554155784905664 -0.982492447991198
-0.599994687727405 0.117293456555136 0.0474504776229019 -0.0595920598446427 0.134186446281681
1.48286980296421 -2.01094375226007 0.946832810836896 0.865164077611737 -0.194994305567558
0.326905950620319 1.74200042551313 -1.08990733221215 0.839909348580918 -0.607920907433962
-1.50522224711275 -1.22680494667007 -0.0225658335786507 1.27415558785327 -0.668946684785779
0.0729549690124131 -1.38799344621686 0.288869924183576 -0.0452937582768048 -0.860265937542391
-0.0624644552262163 0.674751998710558 0.0197165845340691 -0.274433824240075 1.57575798502849
